Wavelength (nm)	Absorbance
360	0.300040766
361	0.300627803
362	0.301214839
363	0.303856502
364	0.307085202
365	0.310313901
366	0.313542601
367	0.3167713
368	0.32
369	0.3232287
370	0.326457399
371	0.329686099
372	0.335784753
373	0.342242152
374	0.346008969
375	0.348430493
376	0.350852018
377	0.353273543
378	0.355874439
379	0.359103139
380	0.362331839
381	0.365560538
382	0.368789238
383	0.372017937
384	0.375246637
385	0.378475336
386	0.381704036
387	0.385578475
388	0.390744395
389	0.395910314
390	0.401076233
391	0.406242152
392	0.411408072
393	0.416741405
394	0.422122571
395	0.427503737
396	0.432543242
397	0.437155669
398	0.441768097
399	0.446380525
400	0.450992953
401	0.455605381
402	0.460217809
403	0.464830237
404	0.471210762
405	0.478475336
406	0.48573991
407	0.493004484
408	0.499659193
409	0.504179372
410	0.508699552
411	0.513219731
412	0.51773991
413	0.52226009
414	0.533452915
415	0.547982063
416	0.559210762
417	0.566313901
418	0.57341704
419	0.580520179
420	0.587623318
421	0.594726457
422	0.600538117
423	0.606188341
424	0.611838565
425	0.617488789
426	0.623210762
427	0.629022422
428	0.634834081
429	0.64064574
430	0.646457399
431	0.652269058
432	0.660568012
433	0.669177877
434	0.677787743
435	0.685201794
436	0.691659193
437	0.698116592
438	0.704573991
439	0.71103139
440	0.717488789
441	0.723946188
442	0.730403587
443	0.736860987
444	0.743318386
445	0.755156951
446	0.771300448
447	0.783811659
448	0.789058296
449	0.794304933
450	0.79955157
451	0.804798206
452	0.810044843
453	0.81529148
454	0.820538117
455	0.825784753
456	0.830672646
457	0.835112108
458	0.83955157
459	0.843991031
460	0.848430493
461	0.852869955
462	0.857309417
463	0.861748879
464	0.866188341
465	0.870951669
466	0.875974091
467	0.880996512
468	0.886018934
469	0.891041355
470	0.896063777
471	0.901086198
472	0.90610862
473	0.911131041
474	0.916153463
475	0.923049327
476	0.931443946
477	0.939838565
478	0.948233184
479	0.956627803
480	0.965022422
481	0.970096092
482	0.975169763
483	0.980243434
484	0.985317104
485	0.990390775
486	0.995464446
487	1.000538117
488	1.00529148
489	1.008923767
490	1.012556054
491	1.016188341
492	1.019820628
493	1.023452915
494	1.027085202
495	1.030717489
496	1.034349776
497	1.037693786
498	1.040461243
499	1.0432287
500	1.045996156
501	1.048763613
502	1.05153107
503	1.054298527
504	1.057065983
505	1.059013453
506	1.060304933
507	1.061596413
508	1.062887892
509	1.064179372
510	1.065470852
511	1.066762332
512	1.068053812
513	1.069345291
514	1.070636771
515	1.071928251
516	1.072964624
517	1.073682113
518	1.074399601
519	1.07511709
520	1.075834579
521	1.076552068
522	1.077269557
523	1.077987045
524	1.078704534
525	1.079422023
526	1.079461883
527	1.078654709
528	1.077847534
529	1.077040359
530	1.076233184
531	1.075426009
532	1.074618834
533	1.073811659
534	1.073004484
535	1.071928251
536	1.070636771
537	1.069345291
538	1.068053812
539	1.066762332
540	1.065470852
541	1.064179372
542	1.062887892
543	1.061596413
544	1.060304933
545	1.059013453
546	1.056542103
547	1.052595914
548	1.048649726
549	1.044703538
550	1.040757349
551	1.036811161
552	1.032864973
553	1.028918784
554	1.024972596
555	1.021026408
556	1.017809097
557	1.015502883
558	1.013196669
559	1.010890455
560	1.008584241
561	1.006278027
562	1.003971813
563	1.001665599
564	0.999605381
565	0.997668161
566	0.995730942
567	0.993793722
568	0.991856502
569	0.989919283
570	0.987982063
571	0.986044843
572	0.984107623
573	0.982170404
574	0.980233184
575	0.976382661
576	0.971001495
577	0.965620329
578	0.960239163
579	0.954857997
580	0.949476831
581	0.944095665
582	0.932017937
583	0.919103139
584	0.911569507
585	0.906726457
586	0.901883408
587	0.897040359
588	0.893991031
589	0.897219731
590	0.90044843
591	0.895282511
592	0.890116592
593	0.884950673
594	0.879784753
595	0.874618834
596	0.870600897
597	0.868017937
598	0.865434978
599	0.862852018
600	0.860269058
601	0.857686099
602	0.84993722
603	0.841542601
604	0.833147982
605	0.824753363
606	0.816358744
607	0.80941704
608	0.805381166
609	0.801345291
610	0.797309417
611	0.793273543
612	0.785171898
613	0.776562033
614	0.767952167
615	0.762780269
616	0.760358744
617	0.75793722
618	0.755515695
619	0.75309417
620	0.750672646
621	0.748251121
622	0.745829596
623	0.743408072
624	0.739641256
625	0.735201794
626	0.730762332
627	0.72632287
628	0.721883408
629	0.717443946
630	0.713004484
631	0.708565022
632	0.704125561
633	0.695605381
634	0.685919283
635	0.679372197
636	0.675336323
637	0.671300448
638	0.667264574
639	0.662600897
640	0.652914798
641	0.6432287
642	0.637847534
643	0.633004484
644	0.628161435
645	0.623318386
646	0.618116592
647	0.612466368
648	0.606816143
649	0.601165919
650	0.595515695
651	0.585829596
652	0.576143498
653	0.566457399
654	0.5567713
655	0.546188341
656	0.534887892
657	0.525560538
658	0.520179372
659	0.514798206
660	0.50941704
661	0.505542601
662	0.501668161
663	0.497793722
664	0.493919283
665	0.490044843
666	0.48406577
667	0.475455904
668	0.466846039
669	0.45799701
670	0.447234679
671	0.436472347
672	0.425710015
673	0.418295964
674	0.411838565
675	0.405381166
676	0.378594918
677	0.374828102
678	0.371061286
679	0.367294469
680	0.363527653
681	0.359760837
682	0.355994021
683	0.35264574
684	0.34941704
685	0.346188341
686	0.342959641
687	0.303139013
688	0.297757848
689	0.292376682
690	0.286995516
691	0.28161435
692	0.276233184
693	0.270852018
694	0.266547085
695	0.262780269
696	0.259013453
697	0.255246637
698	0.251479821
699	0.247713004
700	0.243946188
701	0.23296861
702	0.221991031
703	0.211013453
704	0.200035874
705	0.189058296
706	0.196591928
707	0.178834081
708	0.164424514
709	0.161733931
710	0.159043348
711	0.156352765
712	0.153662182
713	0.150971599
714	0.148281016
715	0.145515695
716	0.142690583
717	0.139865471
718	0.137040359
719	0.134215247
720	0.131390135
721	0.128565022
722	0.12573991
723	0.122914798
724	0.114798206
725	0.104035874
726	0.093273543
727	0.085261584
728	0.082750374
729	0.080239163
730	0.077727952
731	0.075216741
732	0.072705531
733	0.07019432
734	0.067683109
735	0.065171898
736	0.062660688
737	0.059910314
738	0.056681614
739	0.053452915
740	0.050224215
741	0.046995516
742	0.043766816
743	0.040538117
744	0.038654709
745	0.037443946
746	0.036233184
747	0.035022422
748	0.033811659
749	0.032600897
750	0.031390135
751	0.030179372
752	0.02896861
753	0.028071749
754	0.027264574
755	0.026457399
756	0.025650224
757	0.024843049
758	0.024035874
759	0.0232287
760	0.022421525
761	0.02161435
762	0.024394619
763	0.024532597
764	0.023787513
765	0.023042428
766	0.022297344
767	0.021552259
768	0.020807175
769	0.02006209
770	0.019317006
771	0.018571921
772	0.017826837
773	0.017081752
774	0.016336668
775	0.015591583
776	0.014846499
777	0.014242152
778	0.013919283
779	0.013596413
780	0.013273543
781	0.012950673
782	0.012627803
783	0.012304933
784	0.011982063
785	0.011659193
786	0.011336323
787	0.011013453
788	0.010762332
789	0.010762332
790	0.010762332
791	0.010762332
792	0.010762332
793	0.010762332
794	0.01058296
795	0.010313901
796	0.010044843
797	0.009775785
798	0.009506726
799	0.009237668
